15 11 0

01   40   0   0   0 
02   40   0   0   0 
03   40   0   0   0 
04   40   0   0   0 
05   40   0   0   0 
06   40   0   0   0 
07   40   0   0   0 
08   40   0   0   0 
09   40   0   0   0 
10   40   0   0   0 
11   40   0   0   0 
12   40   0   0   0 
13   40   0   0   0 
14   40   0   0   0 
15   40   0   0   0
            
01 "H1" 350 -0.0033 0.1167 0 -0.2012 16.1020 -377.5215 2720.1 
02 "H32" 700 -0.0033 0.1167 0 -0.4112 32.9020 -771.2715 5555.1 
03 "H4" 600 0.0033 0.1167 0 -0.3512 28.1020 -658.7715 4745.1 
04 "H5" 350 -0.0033 0.1167 0 -0.2012 16.1020 -377.5215 2720.1 
05 "H121314" 1000 0.0033 0.1167 0 -0.5912 47.3020 -1108.8 7985.1 
06 "H679" 1000 0.0033 0.1167 0 -0.5912 47.3020 -1108.8 7985.1 
07 "H11" -0.0033 0.1167 0 -0.2012 16.1020 -377.5215 2720.1 
08 "H1516" 2000 -0.0033 0.1167 0 -1.1912 95.3020 -2233.8 16085 
09 "Lib" 0 0 0 0 0 0 0 0  
10 "SOM" 0 0 0 0 0 0 0 0  
11 "KreSIT" 0 0 0 0 0 0 0 0      

  
